1463574949
141838530
1254527087
1691829762
1275179093
1835085305
624053881
488779188
1735527792
1736861211
829609727
1530969619
433054967
1245810781
118616605
1082736133
1360096020
2125255512
335541039
2107598272
654711240
1286679087
1211876161
1254457724
1944473360
280478623
1780354237
293668632
455598433
599590668
1436909444
1919173382
741429199
543952883
1463519497
2016608292
231554540
2087573378
357903832
1967082332
1676950942
1187513560
1350568304
2110005909
285840693
1469184909
1045258395
1645936713
1446956773
1380799434
1606051337
2101668013
519994873
670443850
1208642089
316984586
950922473
841512679
610653218
1406520907
1441103347
2047562662
1178210641
35048898
444031897
494246490
2051657190
675586437
434336221
262077375
495185122
2111287163
1449590935
1845753426
2073809424
1735431628
1167454687
971584171
1233884693
466927813
204899957
692452382
421112178
724894831
1362896232
1629754268
1041879417
166335058
323783299
1652532635
1572855965
1764886646
1552611649
603582958
1799935545
1996643546
1097829449
1704109087
524746335
1532165670
1966186462
1019931457
1495969185
1268293749
718201235
1422294961
856241729
1885655923
246395485
2090126422
205100088
451295442
635095156
626212266
1176190273
1997991389
108482886
70586042
16842799
432266185
1723118677
1589698764
49669184
1128246678
45798074
1849604729
977406576
1143627523
1406230168
1502152912
528309545
1224932983
374600721
2024278730
345743084
1092801957
1299090044
1201984814
830974232
1545485529
1144627588
1036074320
1996780971
1779722745
1662286586
1025487597
1630230486
1770769473
1096073639
1647073285
