89384
130887
92778
36916
147794
38336
85387
160493
116650
41422
2363
90028
168691
120060
97764
113927
180541
183427
89173
55737
5212
195369
102568
156430
65783
21531
122863
65124
174068
103136
113930
179803
34023
123059
133070
98168
161394
18457
175012
78043
176230
177374
84422
144920
13785
98538
175199
194325
198316
64371
166414
3527
176092
68981
159957
41874
6863
199171
106997
97282
102306
20926
77085
136328
60337
126506
150847
21730
61314
125858
16125
153896
19583
100546
98815
33368
115435
190365
144044
113751
171088
26809
117277
147179
95789
193585
105404
102652
192755
12400
199933
95061
149677
193369
147740
10013
36227
98587
148095
97540
140796
80571
51435
160379
97468
66602
110098
12903
173318
170493
126653
60757
197302
160281
124287
9442
153866
29690
28445
146620
158441
144730
158032
108118
138098
105772
34482
90676
120710
98928
104568
177857
179498
72354
54587
76966
55307
164684
6220
28625
51529
132872
5733
48830
9504
130020
58271
163369
159709
86716
26341
118150
147797
100724
142619
2246
122847
93452
92922
43556
192380
197489
137765
88229
69842
192351
165194
41501
157035
87765
70125
124915
136988
75857
173744
146492
122228
148366
109860
81937
151433
52552
116438
99229
153276
175408
101475
76122
68859
194396
36030
61238
108236
173794
65819
94429
166144
31012
135929
39530
118777
122405
164444
55764
114614
54539
118607
36841
2905
144819
35129
70689
197370
67918
169918
66997
43325
187744
59471
112184
98491
95500
89773
6726
185645
155591
17506
68140
102955
69787
107670
138083
108543
188465
110198
139508
159356
28805
176349
78612
173623
127829
149300
87344
195747
35569
154341
155423
23312
13811
67606
121802
25662
73731
44879
11306
29321
178737
79445
48627
48523
103466
186709
73417
8283
13259
12925
167638
42063
105625
162601
132037
33453
111900
19380
145551
147469
90072
100974
87132
103882
84931
8934
45895
158661
170164
57200
187982
148900
52997
152960
113774
72814
139669
187191
81096
152927
116467
165085
111341
22091
127685
43377
55543
155937
179108
117446
19757
69180
18419
106888
89413
103349
32173
51660
62010
2337
25211
166343
67588
78207
119302
97714
67373
175322
1256
64820
44600
117722
29905
155940
139812
73941
115668
111706
146229
11128
29151
165985
196659
163921
189225
2423
67270
21397
54082
45631
140085
79293
11973
7673
73851
47626
105386
141223
139300
106641
6043
183899
140714
152299
56191
80525
142591
88210
108582
88820
99337
137733
171156
95995
18005
160380
14770
85274
181777
68851
47256
121861
148143
175580
45885
21994
23206
67622
79568
162505
90614
1962
62755
31327
154260
118945
28203
13203
123507
136785
102022
22843
190869
189529
35190
8873
149909
49959
10499
48037
118809
57754
86249
183304
33334
132134
121649
172891
199755
117568
51747
90369
119530
114501
38047
73789
149798
66250
86991
73304
3034
105364
12498
110254
94893
47687
119126
161153
13997
45976
9189
49158
103730
95437
32461
53415
143922
70461
26305
60029
188028
78051
66749
107557
108903
104795
97698
58700
171044
101040
132003
90429
6404
144501
682
17648
108539
36160
95152
122536
82135
104340
171693
102216
116128
120505
155630
60050
190965
98286
36430
95344
176336
103178
2901
85239
7972
16950
60290
95368
117989
192293
185796
40744
53145
102830
58391
161683
55341
153542
570
53827
174233
172262
156043
90361
9118
28024
66762
82
126310
103191
95426
18997
6368
14678
104235
130691
31627
164525
26058
149615
73169
128206
190359
126313
147387
165101
4347
2727
34995
4917
56553
125579
93530
128947
132291
102648
156971
199052
19081
199632
18594
30858
18628
141313
161887
39215
188356
193513
120091
14413
59480
109611
58970
166190
152275
6356
47642
156621
125434
198988
77889
98339
124567
87771
27285
56857
190418
100607
172261
125850
100238
107206
73060
35218
48519
34946
190784
36874
28459
110874
167638
4290
20484
26608
170479
172758
149315
134472
45730
191101
133460
123619
89439
58026
11389
33075
31234
118158
133682
3494
160359
150271
110700
33418
101840
75570
68364
92623
28795
13174
119848
196432
17463
56683
139391
104293
145792
5058
155116
191522
196158
88575
31492
1948
62952
159232
35022
10538
193741
85055
14031
154099
35326
41082
187517
53517
33003
172232
146140
61797
185405
182339
174581
119219
39022
113971
139863
184813
35380
94978
92686
31537
99905
124177
33484
79208
199760
184858
89745
193500
69912
20128
63951
105237
177561
167819
75106
10564
140050
21245
188712
41806
119935
163292
77376
158956
193615
133590
143769
28994
144919
152806
176883
44823
76983
126718
124031
193094
111575
130127
186594
181487
150254
50544
3075
127815
134714
78180
138378
74763
15776
127089
32920
135711
6733
110295
11018
347
160236
71138
145692
105154
23944
122574
66329
100926
49292
106711
94019
77218
36837
196964
175056
187091
163859
178131
114905
98572
172662
169634
89686
104790
13074
122605
156852
19806
149251
167869
136504
109486
39007
82196
14640
62950
121121
80968
80227
86764
187678
90597
163982
140866
87561
139037
127956
167771
33519
159212
66343
122533
45197
72380
27322
58271
194985
184173
194428
144235
152041
47284
170073
107399
45831
101064
170348
166951
182031
50574
53715
86060
57523
134048
26925
145083
189436
71233
29205
22955
30444
11899
145487
75641
84279
89160
50263
79263
189684
161042
139849
141724
8325
26273
49123
54155
127336
135822
137458
109366
102748
191172
111777
160270
125219
138702
21704
114654
9934
50908
53960
156729
62807
115798
148721
147085
121309
115335
142699
110992
76377
198899
52716
1053
25172
18190
171560
152507
154011
109017
178225
173110
16540
90001
133379
58110
145054
155082
89115
71339
5990
59427
28068
185148
175224
176788
132232
96533
92123
191282
123876
84851
190180
176591
2255
15351
111132
173814
167858
181495
199182
146082
154604
15721
152434
87983
190182
97488
159416
79297
168826
165405
138723
196893
150552
30298
90033
199135
43182
98507
190416
167058
99709
180596
60000
101963
112298
87484
75777
80155
68978
191310
142588
139933
123383
95022
144267
113564
108861
103683
109212
77686
69087
164286
190931
135991
194584
197315
51477
154117
95821
41893
37526
195529
138840
97526
97491
51137
101361
89619
47644
170338
80929
106583
26622
4311
117956
170889
34226
26816
74571
143438
20854
60009
107723
11784
112351
18658
9098
163828
89127
21270
122072
126652
133150
60911
140529
30640
28399
41889
36611
192394
128578
33891
98977
155200
154553
16932
126088
188778
160100
658
48567
180953
177018
72642
192736
89369
91299
118185
53196
96777
55806
175267
23429
188955
152529
80309
19594
97279
122198
172556
89673
50775
6446
105001
122326
160998
38284
48413
66128
198383
165422
114694
179335
142440
187335
88422
148160
194986
122958
1355
91762
178763
92973
31542
167717
161853
111851
103663
175483
150400
76218
65155
1174
199016
86507
39852
76365
124791
88264
142492
123173
170038
173538
18860
28829
160872
107281
176988
155857
146591
178342
163971
125353
187666
195512
93070
149518
107362
113084
41352
174113
189301
106507
91639
104668
109365
131490
181033
34155
136105
39876
73680
106142
13413
92539
134970
90637
116171
111957
162845
62761
6650
126815
104466
194315
122327
113887
60184
146040
26970
101536
120153
132622
124394
11791
37290
150110
59632
134674
184265
195736
174549
174296
101878
104314
66834
153199
194950
99356
65156
157794
78469
188157
961
182934
98824
123287
13172
75359
185678
40141
93246
22182
172762
133991
150324
10051
84101
9955
61076
68365
122043
35625
42660
23920
56290
25845
93470
51239
41552
74977
125384
120020
63134
126344
19305
161957
165982
32476
153667
68012
188968
46913
90193
161730
180903
156869
88132
65003
83175
149208
49719
5217
101184
92378
145488
157473
34574
38958
125063
76126
113934
166798
112497
93419
93142
48154
171727
175475
196981
125394
43486
185949
172306
50031
64030
69560
6899
152161
134563
6425
17720
184281
11642
118903
193011
73481
192727
27584
28790
34141
103709
142724
939
132558
152494
10432
180711
124221
185906
177691
49614
29392
163639
138271
79422
27668
7830
2672
96181
58744
9096
113900
43025
137089
149155
152387
10570
58233
179970
155711
92374
31
98434
9664
132588
167280
20095
29650
91500
122352
7340
57465
151743
87331
112087
147516
31350
119916
150187
43882
95012
75635
74134
54388
12723
23288
6774
139644
81520
186743
95355
90245
103125
110140
16260
152064
77419
36354
181713
85270
158706
105405
142734
26800
192735
54820
174316
140436
91088
40854
100670
102451
116488
174803
156838
45563
198090
163611
185206
195961
66705
196912
2558
169830
23404
18817
121893
100822
171523
103606
102444
46580
125362
161529
73379
34448
132701
164046
174883
23788
4900
75552
42590
121387
50354
199427
166949
164795
163037
68507
77108
146093
65418
79665
115922
88821
98481
154167
105995
186355
174124
8438
32934
99485
86318
106313
133932
19018
186710
25166
159157
191609
17070
1746
112996
67423
1172
196296
148570
80560
64802
25677
26653
46572
105341
58926
51744
120173
13092
74090
106528
103567
198879
55813
3051
85197
162125
53334
104214
65187
78500
63371
56795
95569
65116
86142
79343
182640
82438
144264
63199
63591
169940
6203
26514
191632
65129
78258
111805
194572
152347
134684
98139
151226
190496
17541
36422
68973
187227
140635
134159
65726
120357
190953
77646
185473
193447
73340
168112
75884
17604
147662
55826
187543
70217
82340
179175
135345
160597
7331
46268
29295
142014
60758
180520
48861
194651
133293
117833
181877
190280
51991
163954
110636
159296
41599
96108
152742
114938
180571
144977
132541
44585
802
120084
114801
199493
15610
166497
76441
22940
12764
105736
81305
189874
2607
130165
184524
52252
164350
82752
42531
16340
46705
153166
91987
88303
165626
161080
119592
62548
22408
168485
107132
139562
4920
21932
139054
20529
188428
15495
159820
117544
37582
41124
23769
40188
87640
124644
92439
51989
7395
51321
184681
54099
4487
193019
58753
86464
154099
94696
149011
176506
63180
56143
116067
68099
194426
171473
4979
182854
186967
164798
16749
24548
122273
40517
181087
9913
165160
189878
61901
172554
41198
162933
143004
162036
155952
118108
48499
110050
129155
113862
2907
192335
170004
35326
176785
164429
6798
181764
63634
110116
146561
80382
51015
185186
120898
32101
195098
2409
138330
173350
91314
95880
52635
34317
57915
8586
68776
22766
34987
197931
136627
37893
106617
106630
189570
199753
187410
196367
181516
167396
22834
44429
47777
73848
29614
85027
22301
141063
3787
160630
30764
95101
56509
83398
129417
30776
91983
114545
53541
43321
28827
106519
197566
51795
129500
187135
51547
116909
99854
33063
84304
122687
193843
48433
196535
139808
49811
18835
80870
53597
95816
27985
148697
152325
111383
194466
99452
119717
25362
69344
163038
54188
175862
160603
105982
105361
64089
73880
138621
163942
23294
22925
86629
17136
187709
83163
156943
153871
101997
154164
7467
197812
98501
72516
66488
126235
183333
82291
45951
8694
151634
125340
62881
127495
2294
85214
32855
66383
75445
171476
30324
98739
110752
116952
115874
14812
116466
189169
168682
134814
59684
92500
48978
74536
165015
115465
770
148347
114108
163073
73392
65741
88412
52624
109588
7058
137837
58794
73440
13282
146621
20115
28372
57372
53419
60597
188535
169884
49765
73568
104698
25801
166068
153675
100336
47434
185491
17458
112133
15950
180530
185524
81691
185293
38148
107630
192350
92336
166423
182141
21969
113044
2256
50340
86767
172026
110937
191654
58261
77053
65221
162958
19205
31288
32984
119541
78722
134827
136998
107206
67128
33879
92729
65170
19171
47228
172799
11521
139564
139222
193661
77884
168617
112268
128224
55383
84293
155512
47036
142554
32564
28609
21863
51769
59896
171199
87661
54969
22377
141010
162174
89504
174888
171255
154674
194058
18482
43824
121930
74397
183045
31943
152281
68013
144210
196856
39748
144855
152367
3135
3760
101282
31743
141974
69402
91639
113172
73414
62959
51900
14423
141485
57756
105662
29091
128781
16072
163924
172604
138001
38321
72001
169943
106953
140013
30505
103808
179760
175359
172526
182895
179118
190159
14637
121091
59561
22627
150615
132974
1938
118866
63749
143422
176621
169410
88864
105401
101833
52787
78005
39834
7459
66357
126128
114411
6369
156632
134570
186129
48342
23447
85375
27459
13606
100011
64902
73166
38990
131868
122491
40927
50733
186239
100700
143706
72001
189563
165458
173833
42349
43462
130018
49808
26170
172498
80570
32539
129129
15140
135019
177471
38586
20393
121281
168543
36755
102534
41708
75744
34401
80551
33022
1486
66789
133721
145191
55141
39635
110648
145326
81984
70462
191695
48143
96631
164192
45064
45521
93321
176555
180539
187143
131493
931
108423
100035
37686
127309
58095
29781
161709
138645
62803
79546
121785
196523
141088
176926
36158
51736
38603
34493
38549
30297
198987
51531
110841
44050
97052
120513
136957
77590
107655
68449
194873
132429
168483
32558
176089
26577
62338
137798
165221
125140
133695
87006
38015
74783
180283
190524
42870
135237
25016
81418
81885
140354
49300
192725
100755
146351
113237
37711
140293
137243
106159
135165
186024
74642
167722
162112
17570
146411
16261
182791
187903
149956
186148
25917
141090
82782
16440
183959
18018
157807
65376
99902
14512
114675
8979
115266
177378
38567
152977
117670
92162
59135
52834
194537
50128
136907
73000
67698
83317
89261
166840
187571
155568
152987
13487
13009
35768
146278
196967
170137
20436
178694
70038
34947
9720
195368
150213
187097
33935
19541
21118
126096
78675
73951
120632
128803
127209
193631
112852
10526
199243
79691
114448
71162
32677
127935
84170
184796
190564
81136
154932
127352
176181
141321
162298
185901
136689
28862
172997
86975
48402
194115
13070
43429
184417
50053
88583
111626
43683
1434
38503
159278
81124
152950
146791
30152
197236
30961
14947
187800
28448
86230
31503
4629
27550
193800
190529
80590
139014
79877
167564
103767
73991
96985
147195
174760
147037
35777
86385
107072
37210
41239
182701
34685
110540
129491
64836
107776
160451
79782
11927
105251
82363
43429
109879
26265
153580
16759
106854
8945
96635
190770
112712
86978
4106
176258
61737
151143
12035
64473
174566
165596
105711
157266
116633
16250
3108
181468
40377
163559
177602
52303
185161
59964
12083
95039
86228
82015
111797
109434
90959
8431
16555
3670
95408
20660
179928
73496
171802
108314
137968
62719
190261
160030
136336
106893
92632
139444
4713
133008
19354
182314
101663
4514
158629
30097
99552
44857
112111
127700
70642
3070
52482
87196
123091
147890
107855
19370
137737
196009
127683
75705
58727
34296
35734
111415
141188
128365
50858
62252
177725
70211
44565
195739
74724
3194
25835
90627
164402
137946
18326
151395
57367
70807
38590
180457
135048
62796
199827
72785
58804
43861
64841
33883
78156
100574
61649
135696
145291
112506
197947
39367
99068
158864
35105
173791
78409
177291
180769
159162
115236
199094
110556
172602
186252
149145
69411
37652
128292
185589
110436
103448
29449
175276
53682
23957
192201
115330
159652
53843
27835
73950
9561
126902
149165
44665
17044
27573
21956
197812
186734
53543
113257
13641
142497
15860
79137
128259
53511
7429
113847
80298
110876
143295
171925
164557
167251
164126
79886
43254
134320
24072
33556
143881
67325
182720
104897
84368
126645
43204
198531
29730
96747
111787
43371
155595
127646
38859
83853
97509
46287
197699
177806
73514
57345
149731
154422
140948
30208
150659
184201
80879
174730
134108
24759
42054
33180
46008
42773
76176
89211
41303
105905
102309
69441
65627
57903
197087
104486
58107
10947
67124
55805
188752
140638
29502
54834
11411
170449
1393
162070
71001
82272
53151
5109
23382
11557
38288
69389
54329
114463
74952
11984
136719
177260
81424
2346
151515
194862
23183
125973
5808
6658
98130
110912
147295
127631
165745
75058
98079
167138
37127
169079
165761
6629
174187
189142
18185
128826
174883
188866
159640
49834
849
96359
143445
198624
15056
11311
193486
154590
137284
115645
161247
35413
26556
24894
163043
192301
99951
61121
75790
53429
146551
41550
60057
120738
147043
78242
165915
121925
183459
125555
88110
100659
138265
31555
99282
153320
159217
9119
24261
96500
124764
185507
48264
151319
10400
11306
59971
26702
188778
52112
80130
135329
10013
140187
172418
157056
134780
54684
78980
34590
180238
167090
135248
34854
114996
150881
104525
74212
160000
128785
170712
1115
30644
135327
68785
41043
146633
45108
184097
51762
97219
64226
103442
107232
120764
192211
64287
171895
46895
59618
122836
143484
143059
58083
178338
58054
125316
199214
48618
85315
127999
135681
2781
158642
71007
71565
116036
17639
33024
100132
185753
130243
80710
5546
153826
117825
197757
134464
6072
161003
194081
128907
104486
53492
186990
199175
111545
28657
198389
160162
113971
42739
95842
33103
1380
166849
21019
33767
100839
54043
50251
2943
184285
130960
8489
54462
165136
122597
188925
171207
83599
99357
100114
104436
152848
3455
19963
180745
32111
134703
57258
62433
177441
69452
11887
95172
36300
32905
45290
53490
86947
95540
172785
187583
142851
181273
42044
107987
103869
147320
79193
103819
46677
95658
8254
115876
15464
28216
96620
163926
79270
153878
142710
56710
139681
154596
68233
92332
187501
113523
145821
74447
125414
34957
62030
68265
16229
20425
176251
36449
167745
171795
56619
130773
183805
64873
46648
199268
9440
59620
163194
88710
129849
22255
61771
69529
176851
46356
161860
164351
76230
24032
155149
1643
58989
17178
69907
191569
153955
162509
144370
121699
134304
988
52471
118108
182212
15470
33727
108004
191441
113272
113065
121289
135527
91187
190817
112377
137542
69028
193079
130123
93060
148227
131766
68400
165405
118024
59968
119359
80533
120689
157409
131188
121677
126231
49295
20240
58052
199373
128243
49493
112645
41307
170781
164523
132494
77950
76899
186387
63329
69977
116510
156388
18203
164627
141139
99959
82650
117459
135669
163182
38147
9429
10721
76175
135659
60015
96415
110063
175740
24657
159555
4736
182316
130335
169258
31161
124636
162508
17547
187965
32484
134056
60704
167038
15034
1843
183349
97684
119301
35369
177217
157447
161150
187938
33622
13160
164304
46388
123222
140043
71044
82776
144778
169711
129463
30387
871
54098
192894
18418
42062
141729
68825
19118
108767
83859
20960
8467
97894
140260
160187
75110
14058
121336
63047
164031
134496
143703
10418
57717
97
197814
140493
144875
167524
186307
175261
168395
40404
84507
103164
198818
26235
88340
17935
51353
88550
38894
59819
186443
95505
20006
177905
25914
57693
157303
189945
192188
101005
362
166257
101102
114527
106749
162328
82051
93055
53940
166797
49810
138446
186312
48627
164681
191003
182913
16033
79553
138158
192204
182347
33662
128561
160251
175928
186253
117554
165872
178441
18558
82585
61049
36011
197112
84149
198338
195514
93555
52278
78662
143364
107075
181325
108343
71755
172327
91255
4140
51879
145765
196343
34226
95778
124903
110828
71705
111155
28381
37576
5947
163291
120161
66995
199301
33624
151143
113991
145489
44697
82620
24150
104413
189694
121826
12755
61449
94152
20361
65588
62383
166125
61930
12960
61903
103184
123787
133607
14338
152168
87535
136637
31810
124047
3631
31110
157670
71126
61452
103158
32174
144071
43659
136586
133765
165484
149340
111565
175987
86053
93504
38369
52177
155433
51328
30431
174968
91467
164038
189305
43634
51572
42293
191795
175618
162276
139256
49639
33401
708
69148
65574
144778
29158
2160
194894
110993
67851
106458
86979
153903
199961
125348
122432
71745
93027
152862
46712
184493
116899
152369
144478
84822
194661
136272
176791
73288
191880
142781
106688
192587
128280
88614
137364
157437
7125
48610
68429
74975
155067
71760
145230
155028
113459
67661
26772
6485
136874
189836
107330
170125
142204
168159
54946
53216
20783
148089
126504
12662
90869
149543
5248
135501
38156
58963
92937
161632
107572
77718
152959
62639
149477
98188
134018
62935
82200
77141
185771
19073
183328
9452
189197
41883
177611
160495
95099
198393
108583
137954
11054
115803
3848
132653
167655
158356
191615
60592
119987
15539
54661
72945
194529
120489
87484
128546
183423
86035
122038
85545
105108
105366
94997
10656
147248
72607
171150
158698
187351
196084
13003
198404
28239
16851
131056
195893
175206
39022
172836
95192
170912
27496
84489
165440
147984
88324
10337
47758
174359
48727
133303
79466
154092
144651
90121
17691
133609
177623
176389
120959
90058
189391
119362
118296
6241
166769
30541
97798
122142
3376
109342
93054
147224
193830
174845
11559
82153
101534
59317
56511
150260
108971
52328
104351
169973
58801
122041
103581
152775
14781
24539
42832
4172
143900
77480
126764
27020
108020
24562
65513
27747
50255
74918
174970
44084
49763
186529
42588
151296
162197
15451
101555
71167
184130
122257
41139
42930
44297
144719
112056
175430
85609
154888
179601
29508
148719
22716
172879
56738
163629
38391
836
13883
113309
175806
174318
79423
78686
133258
147070
40882
148708
48624
28400
132837
170880
185890
92119
131528
130608
4174
106957
16216
75413
2909
162075
24131
141977
51305
197220
21957
6047
198056
35840
35707
90213
126509
115129
168898
59766
62198
126131
8473
27173
154530
57662
114404
140419
66132
162284
187378
186657
185592
119945
62070
104853
198371
2552
46829
166027
116124
68785
172073
30531
20976
7780
37095
147485
39260
5992
7250
17810
48474
132075
44982
3003
189736
75738
59773
55867
38021
163502
158875
23612
83446
20944
44816
198168
139848
91644
164194
172323
76781
52618
119205
14108
60397
156299
161592
16009
162290
85194
33818
10763
17268
195151
130117
123355
70888
106241
95573
25260
69742
54447
165224
69539
191743
10039
67706
131590
101683
148251
20264
94815
868
139468
108922
177617
95766
186866
193625
174407
72059
27442
101521
89326
22592
147989
12680
9832
54229
108252
35091
123970
162698
314
109860
70792
10353
93917
118733
28387
42167
138996
123201
159386
194815
148474
137002
90580
135339
46978
181338
7397
74419
82858
13074
13363
30846
142105
23194
1426
166708
174636
41747
129406
174950
151606
116549
101654
161874
35282
130040
4040
174277
169592
79778
169092
118065
133131
176023
169756
180109
157361
177152
54527
156570
106578
184241
187416
48682
7434
105193
15390
182070
146940
61147
73371
14897
177695
175024
176771
12976
21415
97162
103605
191006
176939
72696
25422
110070
165070
195177
90178
122430
88681
61056
79000
195258
45297
182767
43939
169082
87959
175680
67503
151250
36826
57225
166147
130873
32248
142917
143848
53662
40078
47452
161019
17017
36499
186441
43438
1569
181617
49967
40350
70297
111022
119349
181906
72670
18467
142197
41752
22778
117876
25606
174027
71054
82831
140173
1926
31430
83089
145773
1444
39519
109577
162462
172887
62427
148902
16324
63995
46871
66290
20697
33519
93663
56397
15425
166333
74864
157621
124436
97641
191848
66393
188019
62901
149223
44544
64826
97005
43984
126951
98448
83502
152879
60909
56388
15305
126163
189063
195652
173033
55352
16348
122903
65367
72744
138327
148051
63959
12299
188838
77951
120499
55230
65970
183399
120805
110513
164577
17809
70848
7879
116256
154350
77109
177164
10737
8765
19678
116152
4416
192710
87855
137115
115613
153221
126211
170291
101271
190169
98942
90108
184472
19440
61690
50441
119190
182494
77305
118
116654
148152
124348
32909
18853
1456
126424
145942
126573
146102
62093
47340
55163
149947
184455
87127
19520
27017
173770
120790
17185
72711
127250
1656
8502
105291
168448
44043
87784
162104
160513
120789
26608
1212
153697
161812
119020
196472
107753
45592
58925
86197
92931
114088
36144
193737
117566
55663
20753
91335
92804
154290
80397
136405
72297
88898
41695
157097
49293
45830
119200
126157
166618
62159
127368
36666
140323
46387
33138
48075
91978
92062
134272
184909
122501
86767
94997
40067
58781
115750
131401
67936
70039
11798
4341
142335
17047
162387
99431
182691
8217
134983
108847
91186
113493
36215
127852
53815
198953
77341
18242
90931
85754
68865
192191
8255
155631
87187
164673
130763
119288
96073
198698
189326
24222
119390
131661
157621
81777
147443
140311
89993
82425
165510
97530
112270
118076
25381
166084
117028
102721
184325
124310
188475
53189
116500
113081
125171
120039
77753
55933
39326
90177
170983
28652
114399
90372
76664
188371
172148
140458
45033
178492
139235
10542
76022
51504
128617
17754
133939
161997
36827
118264
86306
141653
87804
119158
54733
129327
39196
48837
185259
78521
139013
72593
23524
169763
162965
16539
158133
51464
73349
3166
146308
12583
130059
22329
180438
175028
156434
114376
137024
193260
148991
23329
134912
153147
142486
105996
82473
98033
154832
184083
92906
10197
56676
116429
179959
19640
49320
54444
187455
122668
173961
133762
51602
20371
72442
32039
195398
28876
146414
132421
138487
11757
72102
73399
164903
130939
95746
47375
145324
166930
31457
38229
177126
88132
71009
73436
24123
36680
44231
11578
159347
18191
61691
10948
154914
134133
159338
150311
163008
105752
199084
101494
117508
187537
91244
82410
34827
186990
46136
180150
153919
77592
18378
47396
165724
5739
120831
106198
42418
81414
117775
118117
15956
179466
45416
170869
29950
4754
121180
192957
26857
36615
10802
60716
24151
18398
59477
58977
121739
105612
39127
192009
183203
173856
39404
65278
179594
76586
171476
22012
157999
5602
140128
90307
101419
185543
61175
131368
106648
182354
124324
133504
18968
51478
194219
159470
186227
53695
18447
107965
159306
173925
99973
58861
147780
55728
124138
43726
48665
11965
65737
123016
17567
122216
13322
118985
24110
74496
50353
130758
173202
91028
64261
108521
58857
174832
67991
45083
28526
2789
153047
104184
176713
169371
163044
124492
141450
3533
168217
106467
15498
150305
29482
33064
188872
159155
68400
12982
150002
118752
60091
123203
126132
40703
148076
184988
15534
16066
30071
160412
135206
99469
180947
111918
185192
143990
152761
42993
63874
37330
149459
79371
187634
95292
28786
92858
170798
13538
22191
120800
132289
82281
160354
174772
39335
108429
159760
171221
40846
106182
47984
176051
122002
28930
4320
107193
89271
157081
66538
153144
194410
132348
148867
98395
27640
94004
107604
114789
107541
129794
35588
156182
128426
195942
130953
84113
20722
7064
55333
61568
113245
103316
153970
35247
132245
158290
58791
21515
31722
125328
91010
26131
57676
39876
40877
1667
50232
148481
116455
157772
194626
152043
30305
39404
64336
161258
123516
85057
84673
178848
62976
197918
198515
16946
33164
130759
91587
91954
68625
123308
17282
159634
65790
191309
115862
23018
192975
166093
87850
109429
40216
82476
177823
186873
38231
42158
64482
161746
43567
149154
140593
106542
147071
55459
39839
96586
186217
131425
188540
171193
171084
122173
47178
36873
29833
163039
176243
22807
45483
64092
48587
2051
62919
26410
188923
101149
184919
169756
179246
28485
118909
36190
51379
65980
91648
91217
162565
194216
138994
67456
165408
110077
105980
12586
63302
135812
91976
155896
74970
53811
19987
123557
172213
199258
66318
77487
16758
51236
47242
196004
196073
166150
32193
47451
148481
123841
55019
27398
118056
194012
11205
199816
20441
117185
12401
94
169348
20728
155989
44318
74538
175975
167874
163102
91584
34191
40588
108342
1778
87829
20697
114202
170331
52889
78004
118811
93081
133023
62560
11137
43386
73765
127304
180178
107301
56056
180271
76648
76783
136259
120965
67673
28586
88838
30774
120169
39380
71362
144862
157510
159190
165558
71711
129520
18447
66067
164683
27879
199089
27242
155367
158826
17358
82670
139004
124658
138725
35626
1306
15508
171885
122270
199532
470
127460
30305
36990
83191
101666
181852
157052
177208
147409
28763
23079
82207
94829
187761
110086
10269
131355
65452
85446
148712
148122
140801
73370
86846
176427
191027
18705
64663
113296
18236
65132
157107
48541
102121
156650
66558
324
113701
160117
147733
58815
183196
146291
153643
87308
56376
80263
135014
38180
82061
78
186301
22861
73447
189498
115639
180825
124555
180301
10472
142790
45432
167579
107682
63905
40580
90592
64228
154280
50708
128312
13095
150255
74603
83089
153915
47330
79704
5280
85509
161764
5357
188161
100976
195155
94011
16615
175979
18565
196915
186451
161354
158699
70381
185388
138955
110960
75979
119534
65239
43038
47846
194685
109645
38800
77774
63559
86129
73829
68838
87990
35592
190547
76150
52919
185701
170160
69533
161680
188724
182800
148130
66430
141498
18510
51817
196804
45821
44147
116337
111059
87184
80534
22096
196828
119333
16221
176738
121814
90049
161928
9803
41992
152474
2304
94910
54526
172464
164443
16205
77539
63594
80686
60320
121443
15547
28488
118246
61367
72634
34582
88778
76170
115116
110873
189349
150800
127093
82439
72613
17141
44366
82415
59132
113191
1071
70393
167716
173534
151187
100273
167424
14780
180958
144096
136222
196505
172583
170819
174223
161569
121753
63000
154090
153220
173872
59790
104019
17316
142228
92984
34456
102945
91750
9939
16135
92820
196684
100203
182705
147870
475
150129
162650
97784
94224
15223
10640
183158
102394
184863
144726
24146
164214
15167
177365
54438
74957
197735
71753
17184
90718
22561
36481
182468
148851
168967
75287
145534
69169
57992
93404
185995
124472
172405
83779
135047
103979
94418
34556
6372
79280
95634
146869
43494
110800
40585
14283
185756
38320
86035
119292
45389
108595
155772
144208
173798
41090
19495
119331
110259
193838
129086
12605
34661
101490
96383
86059
121821
190801
120614
128192
186432
16247
191413
146277
127047
31997
160559
29154
186668
162946
148445
32057
187892
20568
176264
161689
178010
112110
81020
4620
22299
126457
17224
56959
144299
113607
143017
66119
20759
179983
110662
123542
196229
102074
69819
39627
134071
146729
68781
120738
109674
133577
69146
97566
70497
45410
59254
48506
73871
56625
53125
96170
99434
70348
153128
43732
100306
12497
109850
121064
192479
20511
160958
105059
38937
30776
144686
89359
177504
13466
126448
3530
147042
195594
101095
17538
157355
76700
182395
31225
49677
35519
43746
149110
22219
113226
109193
122524
125722
19042
159940
34552
155904
120897
139610
111192
68024
84295
550
161879
14112
126998
81760
161154
122591
182854
95043
196297
175906
193790
143873
141934
29308
187619
7395
167878
100844
116587
6754
142917
51980
166693
177468
7883
3941
33429
119075
188316
117724
35976
66546
131835
162973
148306
9340
1915
47511
20735
198211
23416
14524
58436
81701
160183
46054
89095
128061
146897
122033
134814
89813
174012
17858
183632
181895
138150
17060
17321
42817
51135
53296
109362
99322
132621
57667
25013
50887
105178
45747
165450
44945
176622
23885
126646
53157
69938
132092
181217
133186
54125
32382
139350
144488
166591
122981
126382
21092
56392
60054
63908
107527
29702
173269
6848
78674
147288
148212
129560
52465
110311
95009
13761
86932
35245
56758
140088
21534
188850
37656
154719
159326
186389
94068
103813
152979
133400
146547
174070
189792
122952
154329
13670
69005
127598
136869
147678
74885
85080
193590
43701
195390
4950
57461
198674
40195
114219
55113
61728
19420
9121
16447
95097
195509
26866
115261
64840
76618
61807
155261
66409
101111
109590
196430
170115
153539
133298
117793
144775
134729
111382
188475
130119
116331
162287
45144
72877
192857
100256
134605
128628
25728
67403
140076
21237
10620
55337
2428
87237
33495
157688
153645
134605
67277
150074
104720
137167
199723
138864
81941
134452
166597
186767
180922
199279
65406
26065
72156
58262
42672
123112
103242
68400
190514
43317
5988
1133
15005
8415
4722
48500
166102
158366
99456
149731
24792
120527
86897
140866
59390
168838
75317
142338
155604
172590
141617
21009
115006
130124
195623
157678
169587
15216
142429
76452
174884
148416
77584
189889
156830
198657
154740
39283
157023
54195
189013
98166
174722
75910
155383
150463
44747
147052
92801
116702
119641
150769
54063
34647
197244
166037
108676
166830
97604
51104
43281
72487
199519
37216
178727
72700
35873
133466
111982
109247
187661
100995
123764
162382
93256
79146
112844
54354
26197
121996
171055
62190
72764
141469
96836
186359
23857
5511
153188
121460
172966
196468
193947
172484
33684
172673
161535
185908
106139
73516
95154
10151
174510
18917
88884
67765
98062
118079
38470
40611
40075
9525
102800
29190
67345
199635
15549
91202
121497
168736
12661
94462
81556
122959
183297
31591
95632
144831
17498
118122
134698
112651
44624
25560
47919
133507
9676
62332
51585
48146
102942
8011
57670
5741
37201
41366
121727
169101
132567
159575
137836
145228
170388
135743
184538
153684
167333
80169
14866
184830
114642
149564
13832
159265
175123
61750
92771
101150
124082
60708
149295
27023
68718
123316
149116
105918
164682
187194
75018
97248
146769
129206
158827
117156
64948
143365
187192
148633
139885
2057
133462
170879
67972
63646
130143
159446
125395
139266
60596
165828
199973
9890
109203
68690
133206
58318
90960
97887
45511
82329
111486
108631
127886
186665
25787
109186
46381
12978
57818
186265
131386
107631
157143
115710
171276
3638
75155
13023
142903
52102
178850
59227
61992
88052
44268
111549
62721
135227
125787
24584
133908
37272
133214
61793
140288
75352
87330
186668
4681
145147
172933
136067
52778
46427
168128
140405
50064
43282
153427
109318
11736
48629
168544
190079
53032
12812
101627
32105
64390
27413
56688
198297
181036
106253
176442
37676
181605
63771
24343
186285
8918
197275
38703
178047
160054
6830
118451
10117
166464
188230
35787
178199
36858
4330
168277
89889
17141
186255
121993
81531
130019
95032
196179
27406
1285
172620
65081
99241
152743
89424
1877
161660
3050
156932
56058
163103
163761
90860
89572
46576
79089
125358
24774
115946
46039
109402
122187
179532
95656
160531
177414
25674
55563
173592
53080
173199
62564
118160
188791
15306
7583
190667
93317
126985
147598
149374
90087
27711
156585
96010
74286
35674
137719
15412
67971
183758
124813
106509
163289
20469
67040
140702
162494
38954
30645
131925
12152
9560
50085
117294
24865
174019
107960
34533
101003
171910
100258
107442
199620
56843
119803
190257
92516
57522
5668
76838
157631
46833
183347
120919
183653
50386
177972
146146
5691
124968
78071
17842
134528
44507
51487
75744
134877
159446
110277
35880
47707
126886
59673
163678
183728
179475
70287
192595
153348
75954
69433
110978
39138
169131
148248
22790
19516
42571
85288
25206
167539
79710
159399
18418
124216
10885
10513
59092
86682
37141
11323
50741
164027
187347
14418
64106
166822
1056
56701
120169
77010
42485
147499
32499
11615
95746
55289
147482
138317
56928
89039
22207
136637
164789
156976
177204
92025
167488
152647
95058
4629
163970
145798
168655
67668
76568
149112
34489
77623
5812
71010
70984
164648
18508
103483
92614
30605
75123
40095
168921
48402
45485
107479
185038
10273
64454
78593
102297
31942
31239
197355
152922
111560
143152
37928
179228
136071
187039
130068
13694
109203
117429
1029
73850
135936
104511
82816
82893
95985
122910
168165
144386
84747
75644
45775
95019
56449
124367
197316
4742
71958
111022
157663
99869
170525
111942
79096
106596
98981
125516
36641
8183
42944
37669
198384
95232
58532
81199
178124
70868
120461
62640
15254
5207
138283
61028
100225
194732
101747
13892
115825
173704
41265
73488
189924
11790
185429
185372
34737
761
110887
71377
8943
70182
25397
123679
81765
280
4877
176240
71148
125337
38880
2753
46895
177162
180132
147120
88245
81878
77363
4070
171933
118628
193909
161857
46769
95689
147228
81505
96450
174466
69233
21744
44647
10981
61774
126412
11261
66651
102651
198760
108339
141530
1512
155234
35044
97995
18705
39640
96225
12419
160061
68157
47398
153969
146365
94166
166010
9944
175670
62459
100761
44902
554
61760
172235
62328
104523
99847
45330
123525
98606
70020
65055
16469
141605
16450
114463
76661
172441
10687
89080
132502
195196
136477
86470
57912
30643
168831
184208
122664
147641
84968
83918
148195
63079
56152
126874
167601
155998
172203
91126
54603
158574
72532
187423
100179
88981
18237
176839
61421
28924
65918
193922
140471
118747
196744
114734
65741
81926
98941
188404
29567
100261
72321
94113
163339
44824
20986
130940
821
109540
138417
171775
68113
10948
159197
168291
99928
93786
61482
77700
39061
43751
187974
179531
162497
101069
10616
28237
182994
109557
132993
128912
126169
121665
23024
5859
166489
44009
53150
167309
69900
191566
55436
54365
2513
130984
22655
18792
24769
488
12844
63829
44239
817
159711
6735
18237
170327
151324
117582
196235
84316
46494
122403
5980
69517
128261
172468
29878
97763
56129
99777
89328
111564
154141
91841
158899
93148
110632
183668
93635
123475
47496
54225
40643
123559
60960
175231
93885
128635
92813
90119
12950
55658
128873
135281
125174
173485
24101
71403
71247
196581
87532
160575
24496
158024
168767
183394
167523
79398
167061
61158
119225
130909
115382
76219
54467
92693
51450
64703
21327
60614
71173
150628
116271
45
2261
157796
173529
26361
145551
161128
22941
33082
38054
163788
191105
6820
147181
158628
2569
30594
136137
38145
77854
167870
114364
48672
176915
82165
113374
114593
59130
184546
65221
91752
100942
67481
165899
190822
10193
111449
151949
149485
144530
190002
113272
51987
113173
176804
126966
115742
7397
179454
153886
85250
63675
184601
50273
40589
66765
163646
155182
125894
64543
136754
133997
165484
120586
99896
72658
130778
11344
24606
80262
72226
130960
109885
40564
44132
86688
167529
76225
10437
63334
30111
12038
127008
14711
62311
167597
197828
142308
39130
40073
123203
92235
174070
5038
12820
73965
77695
59949
85308
18653
56562
157533
149612
166446
198096
110095
169485
81976
186320
179921
145309
16430
191959
188669
147492
170621
156265
145319
112928
111746
185392
36130
3980
75813
41168
133151
149777
118862
193099
35084
53866
49660
108969
3477
16105
23416
29924
101941
21744
16243
81862
83404
149024
73820
72072
12867
44440
144688
158186
73719
56433
59929
109849
176764
135741
67368
109914
1869
102581
19364
153304
156447
69023
62272
76275
1479
2040
106198
103420
23783
122440
101633
23538
187815
175452
95610
682
136243
40297
75219
126313
13082
51499
152513
189845
103591
19880
16111
105459
38813
151826
175114
111611
20849
37386
187885
138679
155777
94083
158450
95911
132874
60082
119448
37041
151885
15057
154074
4479
55354
29292
130792
184787
197142
83304
90983
100732
19536
23445
122542
58348
175271
97655
169958
112471
51392
74194
51149
123520
168276
9599
19430
17502
69680
138878
170894
137917
70286
124967
142395
41991
154258
73186
26777
67751
156490
117760
84834
92377
141204
123727
150724
116474
137733
37033
28944
189125
111226
196445
112644
195854
122395
48426
129707
108426
103655
100600
46342
173940
25566
188737
15931
96175
61922
159059
163925
134763
193170
165110
27139
134374
88836
94214
167199
26568
131246
112495
132044
158824
25291
44688
71029
147685
9465
735
56110
113119
17686
102452
87058
159603
91188
19340
55777
69461
178399
136053
4224
87920
101162
31362
22293
106349
125576
105844
132916
173173
134690
64960
48348
159980
25999
119376
24016
35463
36462
80125
64933
54147
98928
151990
13749
106467
87682
185877
175928
182432
38281
180151
70351
55794
127864
8996
162142
169791
31191
11410
59316
165880
76369
107663
42211
18719
143391
66226
54181
179852
62702
119113
33999
77982
187454
164099
184448
191487
66328
160375
173918
104608
56877
160621
160402
101093
169616
38895
70883
806
50304
46550
83037
43024
154213
41599
61742
97603
24176
32274
193806
3229
67738
27804
81210
55192
108255
65658
46678
174582
142384
136948
195541
199261
97568
72294
100353
183535
27541
87587
100692
77844
134137
183728
120868
4701
25326
98961
18655
165853
131235
12460
169081
198972
156616
50291
170515
181222
32300
133545
72155
174683
70492
67695
173943
84411
56341
190647
67945
83881
194586
168636
78076
45074
68715
198943
49774
10392
14256
68428
176244
145490
197239
145324
144461
153854
111966
31328
51427
144265
164872
123581
118948
35363
191276
9242
119773
163968
116241
104069
47848
110826
72704
125923
155899
57770
41218
122024
68161
55473
106803
160756
117314
104041
106079
178126
174247
134397
9453
25673
78661
174324
149254
197608
126038
56881
123202
162162
20848
39442
66230
185047
150267
55285
27321
22517
113054
184890
144540
97566
156714
51342
58321
74027
155382
80752
168505
45980
15148
177957
71653
93808
68633
137258
7768
194670
110490
130969
156832
131337
170410
23061
32735
37028
194698
60055
59544
107751
44945
4083
121669
1658
55424
179989
192037
127157
177092
160541
173137
192239
138497
161141
2399
7129
98398
10166
118151
125239
141134
74982
172927
27895
14394
5661
64922
9091
182067
124465
33194
27011
44899
154862
145021
100322
51202
53409
143830
28294
13949
116966
20532
68797
194458
22930
192278
9207
149447
110428
134445
6932
101761
107371
34826
116154
113031
16099
125245
11450
56915
74790
154812
101813
29651
99832
118486
197204
153240
62316
25497
83540
95633
162381
152337
6443
101662
144614
15649
51109
171393
150094
174392
73153
173816
9218
189306
3199
141668
30902
14648
114935
105691
169459
16747
51693
185643
51585
48897
55234
30252
190745
138774
42236
153125
91110
48678
54787
152075
64327
22247
123467
130772
112990
196619
104587
38559
185924
24137
180227
133178
38784
95161
38868
124595
28259
6913
110237
79843
55809
165470
26446
46553
104243
68682
116030
111704
117359
87168
63778
98037
25766
103596
28808
138755
100214
49747
177314
2490
73883
157540
135667
29019
169052
90886
153613
197310
14150
180201
193505
69958
145670
19950
32863
166265
88631
148892
194320
122342
152411
174450
20378
178176
78045
165538
116930
94611
131636
94243
97100
121870
168134
149118
150888
137185
156355
20852
50847
170505
1052
44351
156814
63074
180652
189676
29338
185635
54919
23657
107976
7329
198106
44705
185504
192503
10242
18786
87113
141877
113028
184212
180099
197514
49681
130986
134698
122387
68190
101896
92891
69241
146246
166057
132314
126898
72084
78003
112532
127003
101660
136859
50683
16117
181563
152539
8619
191805
171324
95731
50033
703
196294
146483
198216
162326
77469
49266
1065
145658
151161
10307
131250
97407
176363
179916
140656
48447
57918
169539
91801
159577
106397
142483
92046
4311
95021
17016
112467
66344
29099
78852
67047
141744
25334
65262
20422
102802
30879
21486
164811
182040
31792
12413
195798
8155
192328
136453
56601
50245
22343
148401
126174
45091
7235
134571
49401
102256
151586
161868
84951
180684
40719
151997
38780
66052
133611
59201
85206
164489
80686
166368
62880
112477
178780
58677
36983
87459
195129
9935
137704
133823
74687
180229
178913
81922
114799
28314
184177
182736
190181
185479
79772
30899
137476
118551
13302
187438
177751
98507
68278
174788
181227
131158
3616
160006
189834
40599
163817
101315
50533
101520
35137
125220
198100
14050
123493
29250
42363
24021
11985
148895
9499
91756
96145
63326
126658
109446
50763
104408
124305
35393
195547
105531
166550
199163
181888
72735
39761
145704
174049
6645
163575
125538
48216
161674
55939
171708
190923
14653
195728
119260
163547
5227
11015
176043
68552
54025
85488
35667
74784
126144
71059
70331
31674
153960
69493
129914
26694
25605
75617
117095
32249
39192
42632
196817
117217
98570
168524
24492
29574
80604
143751
193120
2182
71117
85514
187085
125141
171001
22751
199925
13497
10161
70255
161522
164120
56099
91435
107166
81703
167052
24260
30303
122595
183243
27119
39811
198164
111995
180654
27737
192598
124404
137208
194779
195521
22721
181863
37013
110073
120966
36937
123569
131126
23543
1443
11598
79641
92877
118763
77695
176280
59374
107998
15226
158968
51468
171389
157131
163462
152042
101219
72411
76446
38426
183541
188318
177498
165404
25330
87570
2721
62267
127491
50198
85809
128933
178147
81802
138161
13261
159496
114441
72634
183845
46018
31601
35313
17406
105083
115126
169448
6301
187537
162245
161078
171077
150562
138575
52832
175891
26145
171904
154509
69987
22102
156670
198919
116600
38471
137079
129861
197966
167871
118846
181811
13889
150447
17123
147646
171881
48600
117093
178182
152488
195689
55611
39917
146250
194186
92748
38493
136682
181004
109353
6668
119457
66022
121938
36056
104492
59016
165916
102458
143239
84762
84268
73479
151560
17742
21124
123440
182693
54569
17973
135181
50257
189936
175097
112859
184121
184196
67703
120802
165199
177055
43821
84655
43077
165758
37063
147568
24773
2978
166377
84363
4091
166996
157841
72002
101089
95317
111794
83782
149885
129766
18962
116493
119701
194058
145703
20173
94605
13405
57326
59804
190460
101146
60810
149888
66903
97872
97455
8028
17202
180184
8742
137644
147179
166583
9646
48268
178251
121439
132049
128135
167556
67362
160979
3609
177771
106682
23781
72375
36438
81107
48530
26897
98604
109340
93136
81859
123563
190591
89886
57116
87126
98627
194760
34304
181561
4405
198923
159811
125843
130971
4297
93398
114684
81628
97006
92454
188309
37139
164829
24746
34597
129710
167995
133200
39049
61130
15058
78964
168072
21295
136079
55197
36274
47190
5853
17834
51594
4775
93997
93788
52098
14645
103538
166781
96272
116895
59235
84580
154033
140415
25678
188629
70124
110024
38181
25525
87505
169590
104488
55577
190885
156918
27125
27158
4108
32977
161343
172053
154104
171691
65841
6201
186336
169378
172981
82607
86272
148567
83539
156657
88981
25568
61637
75457
135591
16169
100981
23095
185759
121820
195023
92995
195089
22148
36504
199196
171476
114198
87601
125579
85889
69793
48131
72224
39170
137464
71182
41793
86030
154720
114801
175011
180287
92790
50467
32229
108958
67799
55324
94716
189618
166698
104062
184706
105197
140565
100254
76673
54763
104206
118603
140651
173998
83086
129226
129519
20549
407
87663
106578
71479
2464
197940
168117
95253
164758
346
120562
32556
172021
15278
138525
138718
35691
39583
43915
176256
56188
36939
31018
160393
71893
88020
50742
154978
133597
180260
175526
134003
184274
198456
121833
186737
196395
89950
198341
77505
90295
118903
110060
62315
50532
164937
117384
86222
120871
161298
178829
177058
114588
126198
53802
186481
130569
20895
141458
64165
1154
33336
114520
185427
31791
36352
88516
144537
42653
3208
22041
132947
38462
48453
111613
5345
13389
28997
7919
50611
106646
186747
144020
21234
29297
197821
124066
159865
135067
65523
24030
136220
15210
138549
37998
163352
91252
42865
107889
133905
46073
129929
183203
886
94733
94816
6231
24473
40164
14149
75083
63161
117247
19102
746
146543
133274
124811
106408
68340
106686
130437
120911
121895
185337
75261
85247
192940
118125
109487
126844
80549
155767
26399
81435
50500
121214
4017
74972
77729
18165
66407
140889
135411
85508
141635
198306
135134
66445
104713
3473
89482
151501
40736
11377
53189
115996
12975
46128
150472
122461
89324
31021
78227
32074
28807
128726
153287
32823
120050
147367
167339
186456
4607
19101
188315
62593
17406
123448
45390
38470
43273
134871
106322
84008
146247
159510
116355
159221
121990
66826
198033
127665
14198
76260
159738
159356
4985
29376
108530
125034
93094
75868
27841
97700
11321
16156
160293
28726
139603
122034
183548
99227
56904
89869
183234
119503
165731
15940
195075
87720
199118
193108
131736
13315
69367
91473
89023
190703
37200
197552
32089
130293
189772
59929
27992
1092
192436
104636
146169
132039
26669
129716
31265
83573
135937
130851
119427
101667
63142
114501
105738
62259
107608
37473
191926
93326
128945
80948
84029
166144
194851
116117
96436
184622
92397
40779
185713
84833
145415
131882
133223
88435
177949
80839
88359
113885
128041
7785
131903
191183
122286
37640
169793
146245
75112
161718
39571
120408
159017
123599
2903
153868
156067
15690
54841
164815
56469
40554
49647
118235
88787
99221
6669
183087
180060
95028
13324
24452
19164
145226
15634
141449
182866
185427
87694
57977
63496
127264
178385
138865
167214
97639
92732
123280
113329
147572
4446
169797
104477
170445
88031
109615
69665
11051
9054
166076
22430
22377
190528
41594
83954
122513
99394
66819
24291
187087
41148
87787
30702
135884
26651
197915
33522
35734
37546
146850
99657
158344
116646
120486
128788
121028
146452
198452
48431
155505
80880
187212
94233
187759
28805
178187
110271
44551
45005
134562
31637
2504
138700
178691
138387
81702
92957
171909
33787
46855
35110
49795
5198
68108
170280
133985
105487
33084
48788
153917
104940
46019
141129
199173
33777
86285
177359
144048
130835
138715
194961
78824
57571
50012
173866
195957
48065
66822
84217
198203
30028
119327
47997
151577
103786
134629
1913
9272
167712
50701
79541
189003
13071
137021
188175
46848
23305
81885
107247
70492
136952
102207
65667
194522
68570
39532
106830
116634
22705
191047
114836
52733
26725
79184
4309
130510
13812
6222
56133
97875
173274
135673
86878
186344
72693
191404
149543
95998
73289
56789
82841
126592
158995
148507
121113
143916
104390
27942
60549
127094
135340
91736
96178
78416
170920
100487
125277
101083
23060
181410
198958
112685
117082
2187
99028
106127
193590
164923
118476
66878
21711
1316
193469
97058
66174
30933
40973
170563
175227
17874
14008
26918
109609
110186
105334
196880
127024
146962
14315
150083
128371
13272
62767
161805
131810
78146
67931
125399
43068
186406
108629
64779
104073
18449
78188
170246
49382
119160
57160
140960
53385
71167
167877
79346
181352
73210
76225
108375
20172
90539
58457
64894
20162
37575
143050
151971
32073
10980
193722
191492
113737
102350
172622
17809
120798
50809
104406
86531
169969
161565
27490
23353
32732
195367
102698
14083
184928
95275
38810
121451
102165
13618
102697
38679
51193
45746
107001
199617
56726
100722
191108
86814
119423
163730
20975
40221
14538
125380
43103
100858
3297
70593
40563
36028
65959
143260
166462
167238
154886
5271
88689
173403
135241
191385
12081
186433
37130
119081
102401
10207
136155
93508
13373
55577
57237
34347
12149
71775
76078
55252
172632
79374
42196
13194
115401
24506
72806
198215
191743
144043
119837
196783
117445
55077
104519
129525
157861
58001
164958
60261
68207
101112
153769
197931
73040
127357
32277
85189
199131
108355
56792
88115
187728
15339
17660
19481
39844
6817
134047
31586
150860
53883
144721
68304
25312
49239
114181
183172
107239
195490
159785
91798
96601
29905
89728
85992
157261
122005
87532
156392
146711
60675
160858
50790
76013
178517
70270
115856
101686
4316
63794
52545
174551
8514
37200
199862
174104
67732
183033
81343
63221
59169
89492
76173
89073
179219
78517
46334
17575
166048
119077
80637
26723
79934
131427
102735
174802
1696
134943
76487
122364
115088
45383
96914
123601
198935
96775
14056
183018
196159
11750
46239
55328
101241
38763
60752
80460
117279
107085
14386
199679
26161
95023
26401
22446
26449
45487
197248
144496
96781
190086
66859
11868
151821
80124
51820
67107
176898
65876
50124
89409
77625
12714
61088
178866
51477
121839
175677
85107
28924
106414
84785
171436
1436
27537
193882
144236
189376
107481
88732
86156
13918
71942
98024
165738
152066
66195
149196
128963
132070
199320
134723
126047
12033
195810
21264
179861
117649
196940
64968
62924
103353
66104
34359
21141
93641
28240
165376
199368
135720
54107
85523
149638
126049
99898
31727
194466
82445
180923
123428
14514
96594
174503
56912
108626
170312
78175
4839
4312
75114
186158
67235
94819
168613
101594
32311
178605
46185
197686
177972
98257
168145
179847
47894
10545
79744
195972
5010
78540
93246
44789
93054
189839
19291
149965
14817
105955
144492
19655
110266
19605
122164
177501
30775
90776
195446
63085
69381
41630
177123
47352
139886
145267
27198
104131
72163
23294
16455
77172
101833
109700
38312
111238
99539
57603
177555
30707
79909
122046
166713
190174
58002
88876
84026
5129
96003
79471
184565
165383
121101
161687
129087
177338
23305
72636
81469
95467
12281
97923
88990
30466
123974
127302
58055
139864
101256
35609
170570
181164
74006
137282
87689
48360
142509
171715
169840
154864
51185
154404
120246
88637
116091
165684
65975
55747
154672
63795
151214
166952
78069
156555
113769
118394
83856
171824
58258
101463
123784
145179
198978
114142
198813
86667
162501
141321
58381
132340
96184
25917
3095
132782
30906
119185
14817
96880
174932
169488
77026
42497
52792
71446
199051
166560
189839
199259
138383
48096
17073
62167
193275
16051
176308
192087
19069
55160
49759
193801
103851
62295
19717
106945
111428
166974
142482
126244
63853
33765
95732
57230
192613
148523
128675
191663
115082
118514
107273
169817
166609
124346
148335
76235
56748
40994
184673
75816
96153
34432
69616
116355
13078
5684
23299
124505
172658
82132
50748
152862
115896
62831
10092
24860
127705
55118
16523
159139
173631
40147
128955
56592
80844
193641
49178
137591
34634
33851
13406
47138
184634
199373
163492
197711
121409
103142
38567
10418
101626
5666
79631
133873
68497
6074
158733
196201
61192
91607
71691
151174
131753
116997
7765
12597
110637
173295
150187
145270
7145
79945
192407
108130
195669
72250
105840
33429
91744
144406
43846
193369
150071
39829
43593
134919
45902
2325
47472
107093
93931
119162
174619
25684
36159
98735
154632
146795
72029
104818
8417
79173
101114
117175
103654
13135
105777
9493
46563
113872
70250
6761
23592
136673
46589
67184
187943
92490
69509
35414
115935
163439
70928
6905
105474
23438
105639
60105
86584
177668
81275
11352
173192
98740
128527
76846
111874
150655
2690
158437
64526
189292
165197
88117
125964
128137
155300
30258
136978
24808
182024
52912
104599
52951
59816
10072
192740
81807
186529
79323
59474
184155
7027
149017
82894
135553
25862
194768
86207
144904
153204
150732
134195
34752
38848
176510
79240
110499
6767
16217
135307
188790
185481
156257
158092
161648
82680
67183
43454
69208
62858
19279
53362
69884
168296
136256
121788
110509
47375
7994
55412
116930
75077
189606
151681
30276
82467
147272
140774
89234
163488
192432
194375
65320
148688
68819
26968
31368
52353
186773
100575
115210
6052
70289
185093
90699
122896
106880
1207
170270
31225
56619
87199
22653
162576
155231
52928
45043
102502
193702
50628
182341
102485
161354
47661
51173
146524
190980
82540
198877
177752
99466
114086
100155
86106
15531
190853
9001
38762
192060
179270
186339
165030
66468
8991
43957
138050
61919
5351
40551
171972
55978
22892
74456
133684
186904
41980
80207
177883
40871
79083
155634
56689
109521
55789
142794
41403
162993
68147
80164
155052
163768
66502
36433
30236
191845
80390
84637
53763
85740
125188
142086
58070
64431
132893
191753
51334
174873
188311
29216
132095
183746
101201
188783
9618
73341
47929
51020
36334
116075
47535
107737
79842
30389
144170
26429
22233
140911
111066
192347
143002
152605
134432
1071
17035
183676
109175
184720
158548
97486
13935
6995
197583
31487
195777
7200
104828
43705
58219
57513
76131
22105
81601
155973
52493
25770
98753
191077
83032
9818
183423
26034
162422
34206
143456
95808
17882
52631
80527
92781
66468
10813
99775
64050
42300
95552
187601
63479
55608
45819
37343
131739
184275
118943
4063
36768
61065
102815
27844
144096
28985
11267
86481
107758
161824
29937
3566
179705
198919
444
72486
65386
11257
88612
45787
169908
100515
33387
149738
156123
195557
187080
4213
179831
106022
8275
132950
83438
27441
160794
143886
56425
88412
30366
164183
166587
176654
84100
146292
175572
84543
135129
157309
95799
23740
119447
182058
124255
69185
131795
196729
181093
118874
941
160924
141248
125567
10225
141037
153007
171018
84922
9432
175781
31640
89966
142368
8293
174065
5011
100217
58607
56491
173877
70758
80230
9676
169167
120836
78860
100962
33916
59953
136187
34856
137228
193786
76774
147452
134823
29781
34822
19744
155564
126954
167735
45529
185673
92380
19593
107035
192596
194551
163525
82824
181660
160107
92499
150827
80942
87711
51788
114858
64015
104326
66065
1242
98112
142839
65045
32934
172619
99866
169029
44534
143172
136764
90062
128844
145495
26006
35879
138090
136908
199403
137265
118568
75861
146116
185746
156803
150178
153885
188012
14192
58210
54076
131785
72673
113266
196829
105606
2236
13047
190987
46769
156218
44102
136830
1413
189596
79187
153643
44037
16095
69398
97653
51014
145258
43768
36759
102060
193945
190643
6423
8136
165204
60499
56272
37877
90116
53101
59834
92352
66147
50820
139120
138716
11273
192302
56480
868
71488
10123
161256
3934
79520
58909
54947
24777
102676
91705
43189
12973
198699
49611
137460
80255
26461
193732
118131
116577
46832
177964
8928
29330
145136
64399
84397
156408
56700
140876
73628
128188
150998
34883
132121
146869
93791
187068
87998
112819
195124
131186
125791
110175
97148
63250
190429
39961
173333
24911
72889
136516
119226
81816
82197
64361
62566
166593
137121
119266
23821
10748
47453
174818
161982
95925
38039
172125
199344
126036
84943
110820
57221
127085
20994
70720
106686
127774
110680
80019
152684
183568
16534
71909
181735
98731
52622
44301
65323
189742
163566
5495
116841
127370
96665
195174
23294
134703
167298
138990
60738
168592
49809
34310
95676
70802
21381
2362
114927
132061
82380
67610
31980
15265
55870
13715
113995
108491
174367
95670
14584
54284
101164
47776
181653
197828
42950
121298
48882
126599
60287
109619
95191
110095
60280
190866
97248
81661
109579
12174
13721
191958
79783
162052
7223
52005
175766
37569
160495
66484
133238
91431
120767
150754
139206
18771
64933
98507
140069
113815
25106
116707
139785
120296
26802
65
27513
40401
81725
137092
52575
11797
45401
48709
173848
168975
100713
65966
6544
177560
132449
56133
185342
169568
123238
40899
188338
188171
139406
44758
101985
164511
161465
41769
1158
104618
158185
28670
145018
39909
82113
113944
168057
127514
162653
58257
96488
179717
124222
103031
73628
173022
75516
175321
142589
198753
16220
47279
186923
155625
92036
5259
36487
53500
47028
37644
158117
5212
182665
19487
161473
64778
133430
129529
192291
12434
104137
88778
108503
28358
108161
98482
117732
183676
73803
176672
182428
90022
23950
169351
161998
115986
90961
198484
85837
137988
36127
160306
59552
18791
179792
137376
199920
113221
183256
192210
42007
87393
197340
150509
32102
105500
48990
149833
89175
122792
42857
187954
129165
66806
73656
91162
99143
164617
89645
101332
18956
42123
61637
78507
177266
41428
132234
177185
71000
115490
85747
29358
2882
83086
179866
34983
188585
145208
101168
194111
67999
144024
98416
113516
127181
172072
4677
142676
53040
10674
44007
71995
52796
105643
66854
146413
63422
199087
39950
50773
30928
125696
80131
33809
8781
176348
185144
113717
121555
86311
24179
105906
146686
122594
19421
73866
11017
140449
132893
180408
151122
176899
168755
120270
198893
35608
66682
178666
151046
106631
29439
181974
32326
25921
15782
157458
118620
117277
71174
40175
119939
11704
62432
66624
50650
198204
56842
178018
138652
189734
158426
89774
166633
127180
10043
81877
79139
76724
60543
30184
99707
6333
128509
132032
148605
60643
5842
67224
177919
77015
23750
97858
5071
2533
164481
55720
736
137674
150089
139388
127408
24866
29161
10392
152045
155555
92268
147535
32278
69162
177719
48336
191846
106227
180368
140450
83221
186209
124026
61140
179575
147775
158997
100997
66660
39829
73068
67395
93855
23157
6782
21262
48022
152294
148005
116419
107848
156624
63953
56478
25786
158023
104813
17631
180602
85180
74433
63822
187740
198458
124961
83667
62584
309
184663
129243
156490
57731
196638
50344
80887
119771
187957
45260
72065
52313
161678
179912
8936
25631
36389
151073
100005
141202
85056
80606
142733
159488
144428
46825
157945
185740
130491
136880
186049
115153
182475
58890
172883
179112
25585
170121
15234
13541
15381
87298
65853
93410
183562
191140
35392
19950
142213
135397
77503
27268
16002
20236
186755
76781
183412
61051
62521
113902
114282
164921
29054
96756
23810
118289
192219
49394
4761
7453
179286
136493
94750
161490
146255
194663
152629
181646
14613
94841
117042
8467
122108
49396
145054
25214
126176
128465
2616
105048
42366
116898
186320
187772
13653
10129
22412
5872
175874
27172
13324
71511
80017
24425
33000
26271
19088
101981
7916
150052
196821
41310
158518
35281
7057
19924
176846
49584
148388
179462
154632
190754
96359
140951
94877
110011
67432
117288
32234
159657
60811
161909
147520
140827
186334
96871
83449
121773
198851
7717
71824
112024
49026
146693
63656
56082
166616
40501
105665
31356
136314
176648
138461
149024
33951
33337
175387
17734
66976
7620
177390
127786
169529
124909
184965
72214
138132
184765
193986
136982
192481
182161
49005
41506
45205
29012
13939
11821
69513
35956
159528
122178
12603
97988
71202
46553
131324
46588
64286
198299
54207
158028
42436
140087
199288
143752
12300
137419
128517
122637
190753
120997
104797
156109
78855
150002
185121
92793
78174
170985
45100
37701
93162
57703
52040
164363
20607
183363
10950
1245
98013
181509
75624
140448
121595
191263
84200
133895
45034
129068
56531
35786
50064
77680
191894
45270
144033
177014
54415
138558
147998
99514
92610
157512
73568
144649
121874
94175
128011
49176
11771
142375
30684
3746
82822
68630
195008
83373
118876
40041
12440
175407
192178
178856
169438
184072
24125
113470
77437
78539
168379
141787
94405
60988
99298
167972
5636
137523
178498
49998
186698
190268
192372
133733
110365
191545
2363
21725
191270
37590
61765
3709
12996
53943
98916
98785
154366
39393
128606
31802
34283
96984
173588
128687
157971
189237
96659
79958
126760
75156
129955
29809
181776
38678
79894
92140
30223
82256
30216
21492
36197
91981
141552
49193
62275
156820
64329
16640
196212
192935
164793
146846
89918
138381
75533
164241
43969
172191
44198
170728
163698
90505
537
145473
45534
80430
153965
192108
79037
184180
13599
115233
192512
71503
80777
171138
144674
145106
187777
57237
54392
68922
4082
144309
123654
79614
108549
167622
168156
152747
138350
48206
159603
55238
110030
5136
52019
63994
197244
47407
164526
127194
78991
73389
115048
159768
44527
59721
21225
148655
116957
75616
133928
37391
136276
57581
33356
44825
25203
1512
113923
163552
49717
189877
135141
159746
195012
187159
140092
108607
150917
20969
35801
29907
10709
67200
106026
171587
126921
127250
36594
160229
119217
170521
113971
171845
28102
147327
16669
53304
65190
46943
133207
31258
153171
184699
107355
148182
88209
47446
173141
39125
184766
8941
69031
111827
76140
175057
83413
119412
18658
120006
195993
54227
6879
109963
26071
34980
173641
159091
4635
38830
6033
137841
70087
159203
122539
177442
23736
127099
141239
196876
166223
42357
122168
35253
154183
114660
126661
153947
34071
61671
73953
146415
115897
80831
172730
141967
32162
146370
101057
36796
185200
23441
90988
171638
98995
129878
149079
122730
56976
6670
35958
23198
49026
158125
174802
3208
72784
101463
73506
23207
163133
63810
85973
195381
60992
58702
137347
93153
5072
154755
129948
106623
178195
20935
78260
77189
150812
27339
116270
124139
150360
152227
147336
199385
26704
122138
118944
99487
139952
192449
39045
19436
56259
125018
14816
117250
183719
152162
126755
105142
106916
173054
11764
1462
193989
90024
78650
61152
33714
194919
185291
184073
63498
48978
99809
90201
171115
18752
106039
27418
127552
145084
46853
100162
186453
61668
17412
170171
130181
60518
191665
153448
33571
3428
154909
143911
9803
149910
5063
159868
61181
106705
143940
124678
72034
160100
131230
159501
178851
37268
186918
22755
98703
150123
122916
85155
128142
56679
171678
58323
117196
163342
128122
150767
83121
199383
94677
92924
65644
16091
52791
126824
39147
113083
167853
111181
73182
99082
70681
168385
52702
57598
191139
151404
124072
114054
152911
52214
170733
124588
26888
87928
87929
71361
38694
171049
70743
49723
180324
136387
65813
33115
179562
104960
62549
147415
16140
135730
162848
3172
104114
15549
177121
95252
83305
101193
125658
36215
153406
96390
160802
180293
100669
165082
51653
55715
52482
38748
105437
32806
91486
87601
182272
71047
192560
44820
18461
125051
180549
97661
128222
1015
113209
105343
12618
196513
122887
138275
149079
76292
151016
109880
172936
168037
191313
140940
23751
43795
96039
45539
76600
187524
133139
175223
58571
42051
20042
193383
83453
116942
91043
128027
34308
4252
149721
46926
117116
72607
185200
66195
148898
52568
92426
38185
20604
83739
95476
44354
127533
191515
6244
120484
179038
55734
95706
37608
14136
32099
30991
97589
65392
122033
25615
99700
42636
91687
146625
76104
164293
48176
142298
29542
100743
151075
67726
37698
34813
163201
198403
162345
154715
4646
199180
50105
176732
11237
87712
190867
43335
35054
88455
108727
73439
30421
124778
32426
122107
71402
108529
2751
35929
167178
32292
53024
118253
16369
90721
153065
179570
89124
31762
50636
10121
30941
17092
186852
42178
21156
177719
1864
56209
182525
26942
45999
129298
151719
78425
167756
139472
186953
170507
175401
154131
119150
28424
72383
135519
35496
141799
31440
40971
173560
198427
51092
120853
15519
154295
79382
36674
48365
81245
9234
30890
108187
55233
76539
176257
50009
44294
115729
153313
131152
7481
107443
50302
152256
96177
185820
187751
154328
133611
28722
127887
132037
196165
48739
147555
66811
128120
100580
115176
125717
26166
62417
150255
81398
138955
126511
47758
99600
158591
1070
30752
166071
24865
81053
118326
37393
183224
22429
191720
116834
167502
119607
165222
80018
84697
29129
146828
129169
129708
178355
54885
155873
40771
121491
153622
96077
48001
1379
112029
6592
118801
142780
89014
143665
140184
123692
97409
39759
146120
89129
72944
113621
125087
38165
109990
9783
67293
56817
55303
197001
35172
26539
69225
192294
148029
139199
4723
196030
140577
116751
118973
175729
175882
124338
35745
116065
48029
133154
72175
110500
22282
145118
140472
147368
183282
50461
73502
50575
107278
45157
163927
58801
71695
149503
167446
19724
88701
88520
15753
145630
5270
51077
121358
97503
175414
157103
13567
139795
90256
2093
50294
28889
147210
190766
92608
130492
157578
82461
97418
64855
127617
61344
40007
199312
10846
123805
19035
15899
12324
151139
161528
17594
118567
82885
31448
10332
156339
45015
150126
162946
163459
116772
191834
110669
23889
793
41160
181466
83254
138577
162673
127222
116272
119031
126533
43469
42835
61919
59367
55159
129409
20894
189104
47975
20131
20551
58307
176469
181917
124784
139415
145376
41555
47600
56044
65443
48393
13555
163261
47998
68483
125933
175219
101106
44963
18104
144574
87798
80022
120293
59308
9431
