4339383
6980886
1742777
4686915
7797793
4288335
9935386
9810492
6566649
9691421
5252362
540027
3418690
2570059
4947763
7563926
5230540
433426
4139172
3505736
5055211
1645368
4752567
7006429
6515782
1071530
8772862
3715123
5224067
8753135
1563929
2029802
5684022
5773058
9183069
5948167
10011393
9068456
8225011
6528042
1226229
3427373
9534421
4594919
8463784
6948537
4625198
3644324
9848315
8714370
9616413
4853526
2826091
4318980
1809956
9291873
7856862
3049170
2956996
5547281
1752305
4470925
7527084
7386327
2710336
9176505
5800846
2671729
711313
3975857
1666124
4403895
9869582
1150545
8948814
8283367
565434
6040364
4394043
363750
7221087
6476808
5167276
9997178
745788
9443584
1755403
8552651
2442754
4662399
4049932
4145060
1599676
4043368
3997739
4260012
5686226
9748586
9398094
6347539
